Matrix A:
17	34	49	45	1	43	
44	39	22	35	40	19	
3	19	21	43	14	20	
8	36	8	42	46	3	
10	45	24	49	44	22	
28	9	47	7	46	17	

Matrix B:
4	29	29	21	39	30	
16	0	25	24	34	49	
26	45	8	41	27	13	
17	12	30	2	33	21	
38	0	16	27	18	16	
17	42	29	5	44	5	

A x B: 
3420	5044	4348	3514	6537	3989	
3810	3484	4668	4007	6347	4987	
2465	2388	2824	1944	3881	2521	
3329	1222	3279	2701	4098	3741	
4263	2882	4419	3670	5945	4660	
3634	3725	2852	4072	4474	2860	

A + B: 
21	63	78	66	40	73	
60	39	47	59	74	68	
29	64	29	84	41	33	
25	48	38	44	79	24	
48	45	40	76	62	38	
45	51	76	12	90	22	

